<TICKER>,<PER>,<DATE>,<TIME>,<OPEN>,<HIGH>,<LOW>,<CLOSE>
EESR,60,20070507,100000,34.52600,34.65900,34.40100,34.58500
EESR,60,20070507,110000,34.57500,34.65300,34.51500,34.56000
EESR,60,20070507,120000,34.56000,34.67000,34.50000,34.52900
EESR,60,20070507,130000,34.52700,34.54000,34.39800,34.46500
EESR,60,20070507,140000,34.46600,34.62000,34.44400,34.58500
EESR,60,20070507,150000,34.58500,34.72800,34.56000,34.60200
EESR,60,20070507,160000,34.60900,34.67500,34.42100,34.48700
EESR,60,20070507,170000,34.48900,34.55000,34.41000,34.54000
EESR,60,20070508,100000,34.54900,34.72000,34.47000,34.64500
EESR,60,20070508,110000,34.63700,34.63900,34.46800,34.50000
EESR,60,20070508,120000,34.49200,34.59000,34.47000,34.50800
EESR,60,20070508,130000,34.50800,34.52900,34.32000,34.37800
EESR,60,20070508,140000,34.37000,34.37400,34.08000,34.14000
EESR,60,20070508,150000,34.12400,34.19200,33.82400,33.95000
EESR,60,20070508,160000,33.95000,34.01500,33.86700,33.90000
EESR,60,20070508,170000,33.90000,33.95600,33.77500,33.91800
EESR,60,20070510,100000,34.03000,34.37000,34.00000,34.33800
EESR,60,20070510,110000,34.33800,34.47500,34.20100,34.47500
EESR,60,20070510,120000,34.47500,34.66900,34.41600,34.45900
EESR,60,20070510,130000,34.45900,34.49900,34.18400,34.18400
EESR,60,20070510,140000,34.18400,34.22200,33.71000,33.85500
EESR,60,20070510,150000,33.84100,34.02700,33.62200,33.65000
EESR,60,20070510,160000,33.62200,33.85000,33.37000,33.60000
EESR,60,20070510,170000,33.59400,33.88000,33.55000,33.67800
EESR,60,20070511,100000,33.20100,33.38900,33.06000,33.12900
EESR,60,20070511,110000,33.07200,33.38000,32.98100,33.25000
EESR,60,20070511,120000,33.25200,33.31900,32.77700,32.78100
EESR,60,20070511,130000,32.78800,32.90000,32.72500,32.75900
EESR,60,20070511,140000,32.74900,32.89200,32.65000,32.79200
EESR,60,20070511,150000,32.79000,32.86900,32.76500,32.82700
EESR,60,20070511,160000,32.82500,32.89900,32.57300,32.60400
EESR,60,20070511,170000,32.60900,32.64600,32.46000,32.48500
EESR,60,20070514,100000,33.00000,33.18000,32.92100,33.03100
EESR,60,20070514,110000,33.03400,33.05000,32.80000,32.85000
EESR,60,20070514,120000,32.84800,32.84800,31.97700,32.09900
EESR,60,20070514,130000,32.09800,32.41500,32.09000,32.30000
EESR,60,20070514,140000,32.29900,32.43900,32.21000,32.30000
EESR,60,20070514,150000,32.28100,32.37500,32.23300,32.25000
EESR,60,20070514,160000,32.25000,32.90000,32.21000,32.84700
EESR,60,20070514,170000,32.84700,33.73500,32.77200,33.65000
EESR,60,20070515,100000,33.36000,33.37000,32.66000,32.81400
EESR,60,20070515,110000,32.83000,33.04400,32.65200,32.82600
EESR,60,20070515,120000,32.82600,33.34900,32.72100,33.05000
EESR,60,20070515,130000,33.05100,33.28800,32.97300,33.26000
EESR,60,20070515,140000,33.26000,33.33300,32.98100,33.07000
EESR,60,20070515,150000,33.07000,33.21000,33.05000,33.07000
EESR,60,20070515,160000,33.08200,33.74400,33.05000,33.61900
EESR,60,20070515,170000,33.61000,33.71900,33.15000,33.30000
EESR,60,20070516,100000,33.52000,33.52000,33.21300,33.49900
EESR,60,20070516,110000,33.49400,33.78100,33.37000,33.50600
EESR,60,20070516,120000,33.50600,33.75300,33.50300,33.67900
EESR,60,20070516,130000,33.68000,33.87000,33.68000,33.68700
EESR,60,20070516,140000,33.69000,33.90000,33.62100,33.83000
EESR,60,20070516,150000,33.81900,34.12000,33.81600,34.02400
EESR,60,20070516,160000,34.02400,34.28200,33.92000,34.20100
EESR,60,20070516,170000,34.20500,34.64000,34.20500,34.59800
EESR,60,20070517,100000,34.78000,34.85000,34.58100,34.68400
EESR,60,20070517,110000,34.68400,34.97000,34.51100,34.75000
EESR,60,20070517,120000,34.75000,34.76800,34.58500,34.71900
EESR,60,20070517,130000,34.71800,34.76000,34.40200,34.59800
EESR,60,20070517,140000,34.59800,34.71800,34.50700,34.55000
EESR,60,20070517,150000,34.57900,34.58900,34.36500,34.40000
EESR,60,20070517,160000,34.40100,34.61500,34.11600,34.17000
EESR,60,20070517,170000,34.16500,34.17900,33.60000,33.79900
EESR,60,20070518,100000,33.99000,34.04000,33.76100,33.86600
EESR,60,20070518,110000,33.86000,34.33000,33.85500,34.25000
EESR,60,20070518,120000,34.25000,34.31700,34.07100,34.15000
EESR,60,20070518,130000,34.15100,34.27000,34.03900,34.15500
EESR,60,20070518,140000,34.16800,34.23500,33.82100,34.07300
EESR,60,20070518,150000,34.07300,34.07300,33.87000,34.00000
EESR,60,20070518,160000,34.00700,34.23000,33.98300,34.19000
EESR,60,20070518,170000,34.19000,34.39900,34.15300,34.28500
EESR,60,20070521,100000,34.45000,34.74800,34.45000,34.60400
EESR,60,20070521,110000,34.61000,34.61900,34.37000,34.41000
EESR,60,20070521,120000,34.42000,34.44900,34.28500,34.40000
EESR,60,20070521,130000,34.40000,34.47000,34.30300,34.39000
EESR,60,20070521,140000,34.38600,34.55000,34.34100,34.45900
EESR,60,20070521,150000,34.45900,34.62000,34.44100,34.57800
EESR,60,20070521,160000,34.57800,34.65000,34.37000,34.42000
EESR,60,20070521,170000,34.42100,34.51500,34.05000,34.20500
EESR,60,20070522,100000,34.38000,34.38000,34.09100,34.16200
EESR,60,20070522,110000,34.16900,34.25900,33.74100,33.90000
EESR,60,20070522,120000,33.90100,33.98000,33.77700,33.92400
EESR,60,20070522,130000,33.92000,33.97800,33.85000,33.91100
EESR,60,20070522,140000,33.91000,34.14900,33.90300,34.09000
EESR,60,20070522,150000,34.08000,34.33000,34.01000,34.26100
EESR,60,20070522,160000,34.27000,34.32500,34.06300,34.09800
EESR,60,20070522,170000,34.07700,34.11000,33.90300,33.96000
EESR,60,20070523,100000,33.85100,33.90000,33.57700,33.64000
EESR,60,20070523,110000,33.64000,33.82500,33.62500,33.77000
EESR,60,20070523,120000,33.76700,33.77700,33.27800,33.43000
EESR,60,20070523,130000,33.43000,33.47700,33.12000,33.18700
EESR,60,20070523,140000,33.18700,33.26000,32.95000,33.06100
EESR,60,20070523,150000,33.06700,33.29700,33.00000,33.28500
EESR,60,20070523,160000,33.26800,33.27800,32.90000,33.01000
EESR,60,20070523,170000,33.01000,33.07000,32.82200,32.84000
EESR,60,20070524,100000,32.69000,32.70000,30.77700,31.60000
EESR,60,20070524,110000,31.60000,31.96000,31.53000,31.56000
EESR,60,20070524,120000,31.56100,32.04000,31.47000,32.01200
EESR,60,20070524,130000,32.01900,32.19700,31.87200,32.00500
EESR,60,20070524,140000,32.02000,32.18800,31.76700,31.83700
EESR,60,20070524,150000,31.83600,31.96900,31.65000,31.81500
EESR,60,20070524,160000,31.82000,32.34300,31.75000,32.27800
EESR,60,20070524,170000,32.26000,32.44900,32.07400,32.17000
EESR,60,20070525,100000,31.52500,32.14000,31.52500,32.01000
EESR,60,20070525,110000,32.03000,32.20000,31.86000,32.07700
EESR,60,20070525,120000,32.07000,32.38800,32.04700,32.27000
EESR,60,20070525,130000,32.26900,32.27500,32.15100,32.21000
EESR,60,20070525,140000,32.21800,32.32000,32.08000,32.31900
EESR,60,20070525,150000,32.30700,32.82000,32.27300,32.77000
EESR,60,20070525,160000,32.78000,32.83900,32.50500,32.68000
EESR,60,20070525,170000,32.67900,32.74400,32.46000,32.60000
EESR,60,20070528,100000,32.99700,33.02700,32.68600,32.70000
EESR,60,20070528,110000,32.70000,32.75500,32.47300,32.55000
EESR,60,20070528,120000,32.54300,32.78000,32.27200,32.73000
EESR,60,20070528,130000,32.74600,32.74900,32.02500,32.02500
EESR,60,20070528,140000,32.02500,32.24300,31.40000,31.70100
EESR,60,20070528,150000,31.71700,32.17000,31.71000,32.13700
EESR,60,20070528,160000,32.13700,32.29000,31.91300,32.23700
EESR,60,20070528,170000,32.22900,32.39800,32.09000,32.21000
EESR,60,20070529,100000,32.20300,32.53800,32.02500,32.39700
EESR,60,20070529,110000,32.37500,32.72800,32.35000,32.69000
EESR,60,20070529,120000,32.69000,32.71500,32.33100,32.42000
EESR,60,20070529,130000,32.42000,32.42000,31.95000,32.07100
EESR,60,20070529,140000,32.08100,32.19500,31.81000,31.83000
EESR,60,20070529,150000,31.83000,31.93300,31.35100,31.62800
EESR,60,20070529,160000,31.62800,31.71500,31.25100,31.44000
EESR,60,20070529,170000,31.44000,31.44000,30.95000,31.20000
EESR,60,20070530,100000,30.47000,30.54600,30.12300,30.35800
EESR,60,20070530,110000,30.35800,30.78000,30.14400,30.74000
EESR,60,20070530,120000,30.73500,30.89000,30.51000,30.56900
EESR,60,20070530,130000,30.56100,30.87000,30.43100,30.76400
EESR,60,20070530,140000,30.76500,31.02500,30.65500,30.75200
EESR,60,20070530,150000,30.77200,30.88800,30.57700,30.85500
EESR,60,20070530,160000,30.85400,30.99000,30.73000,30.82100
EESR,60,20070530,170000,30.82600,30.84500,30.48600,30.60300
EESR,60,20070531,100000,31.19900,31.46100,31.10300,31.38800
EESR,60,20070531,110000,31.37900,31.56000,31.30200,31.36500
EESR,60,20070531,120000,31.36500,31.52000,31.31200,31.34000
EESR,60,20070531,130000,31.31700,31.62900,31.30300,31.57000
EESR,60,20070531,140000,31.56900,31.68000,31.53200,31.63000
EESR,60,20070531,150000,31.63000,31.92000,31.58000,31.80900
EESR,60,20070531,160000,31.80900,31.81000,31.53300,31.74500
EESR,60,20070531,170000,31.73700,32.18000,31.72100,32.18000
EESR,60,20070601,100000,32.19900,32.20000,31.66100,31.77800
EESR,60,20070601,110000,31.78400,32.07800,31.61100,31.99000
EESR,60,20070601,120000,31.98900,32.51000,31.84500,32.15000
EESR,60,20070601,130000,32.14100,32.68000,32.14100,32.54000
EESR,60,20070601,140000,32.52200,32.68000,32.41100,32.47000
EESR,60,20070601,150000,32.47700,32.60000,32.30100,32.50600
EESR,60,20070601,160000,32.51500,32.97700,32.45300,32.83000
EESR,60,20070601,170000,32.83800,33.23000,32.83800,33.05600
EESR,60,20070604,100000,32.85000,33.07500,32.60000,32.84500
EESR,60,20070604,110000,32.84000,33.41200,32.75300,32.88000
EESR,60,20070604,120000,32.91500,33.17700,32.68100,32.78500
EESR,60,20070604,130000,32.78900,32.80500,32.40000,32.56000
EESR,60,20070604,140000,32.56000,32.86500,32.52000,32.79000
EESR,60,20070604,150000,32.78200,32.83900,32.41000,32.58500
EESR,60,20070604,160000,32.58500,32.80900,32.47500,32.58400
EESR,60,20070604,170000,32.58500,32.78900,32.52900,32.74800
EESR,60,20070605,100000,32.80000,33.18000,32.80000,33.15200
EESR,60,20070605,110000,33.15900,33.15900,32.92200,32.96100
EESR,60,20070605,120000,32.96200,33.49500,32.92000,33.41800
EESR,60,20070605,130000,33.41800,33.51600,33.33500,33.41900
EESR,60,20070605,140000,33.41400,33.41500,33.22000,33.25000
EESR,60,20070605,150000,33.25000,33.29000,32.92000,33.06300
EESR,60,20070605,160000,33.04700,33.24000,32.92000,32.99000
EESR,60,20070605,170000,32.97900,33.01100,32.77300,32.86100
